2	41792 -0.7466299 -0.14960048 -0.50025064 1.1804607 -1.4841945
4	1017589 -0.75722635 -0.8892304 -0.35010177 1.6489611 -0.5973082
4	1017587 -0.7533774 -0.9089478 -0.35000446 1.682918 -0.7039841
9	1034762 -0.35548168 -1.3683945 -0.5936422 -0.5228865 -0.9741686
9	1412395 -0.3353103 -3.2520936 -0.4695084 -0.08523526 -0.11086049
9	3444232 -0.2667936 -2.4945922 -0.60660684 -0.93537337 -1.4828869
9	1454823 -0.19102466 -2.5582955 -0.59383816 -0.48039702 -2.9950051
9	1388364 -0.18617725 -3.4536052 -0.47445402 -0.46241683 -1.7093058
9	1040587 -0.16391894 -4.5944753 -0.39180753 -0.5666711 0.1728492
9	1033525 -0.14045338 -2.3581095 -0.6019461 -0.2704609 -2.3303967
9	313584 -0.1300796 -2.356831 -0.60092956 -0.27705878 -2.3267467
9	405442 -0.0301891 -4.205661 -0.5917172 -0.15398261 -4.4201527
9	768082 0.7105233 -4.020578 -0.32779813 -0.22099775 0.25004578
9	1049830 0.7278918 -0.5399036 -0.62213975 -0.2103154 -0.20097464
9	4547248 0.9259798 -0.6897678 -0.2937011 -0.54155433 -0.24083589
9	830643 1.0823867 -0.7010765 -0.6503499 -0.4552234 -0.21695179
9	3679879 1.1707637 -0.345211 -0.62594944 -0.046838317 -0.13037696
9	1441292 1.4469434 -1.6474378 -0.7515229 -1.8251469 -0.3859397
9	731002 1.4539915 -0.6534636 -0.6803338 -0.40927115 -0.21221569
9	1441284 1.4984791 -1.6416627 -0.7525637 -1.8264452 -0.3807147
9	4513456 1.5774773 -0.6399736 -0.68650603 -0.39337248 -0.20749073
9	4513517 1.8378152 -1.605028 -0.7741302 -1.7589556 -0.37748975
9	393291 2.4734735 -0.550662 -0.7119714 -0.35033488 -0.13016689
9	4551394 6.011663 -1.176262 -0.9279045 -1.261612 -0.16033565
9	4799931 6.1351485 -1.1627719 -0.9340767 -1.2457134 -0.15561068
9	1407288 9.076183 -0.8271119 -0.9291063 -1.6524751 0.27897373
9	509681 9.076183 -0.8271119 -0.9291063 -1.6524751 0.27897373
10	769649 -0.7326176 -0.95254934 -0.35465315 1.8564868 -0.46191937
10	888335 -0.71819055 -1.1322254 -0.33804742 2.444634 -1.111815
10	850096 -0.7164618 -1.4225647 -0.28904814 2.131868 -0.314069
10	893112 -0.70885146 -0.9295282 -0.37501568 2.2831452 -1.2099719
10	858288 -0.6986401 -0.23237367 -0.5053935 1.7150023 -1.5547166
10	1362497 -0.6984055 -0.23436978 -0.50535464 1.7212589 -1.561195
10	1381669 -0.69432753 -0.50008386 -0.47962835 1.8351506 -1.5080183
10	374132 -0.6858246 -0.2838084 -0.5047899 1.7019672 -1.5897801
10	4522482 -0.67694634 -0.62326854 -0.47929242 1.8469026 -3.3249428
10	1395115 -0.676351 -1.010387 -0.41993266 2.1133153 -1.373861
10	893149 -0.6708752 -0.8494225 -0.45447636 1.7407234 -2.7218504
10	4809965 -0.6513978 -0.68058866 -0.4892742 2.0481915 -4.16073
10	894804 -0.6513978 -0.68058866 -0.4892742 2.0481915 -4.16073
10	1405316 -0.6050347 -0.92373574 -0.48536932 2.4725845 -5.5039206
10	3443689 -0.6000094 -0.8945117 -0.38315612 2.4438856 -5.5204887
10	4524655 -0.5993714 -1.0325625 -0.47030088 2.5144303 -5.4622035
10	4775272 -0.5991415 -1.0773222 -0.4618598 2.5488505 -5.4395795
10	4775638 -0.5990265 -1.0997021 -0.45763928 2.5660605 -5.428268
10	4768634 -0.59393805 -1.0966295 -0.46367353 2.5218556 -5.44311
10	3675944 -0.5925351 -1.0898697 -0.47201622 2.5491104 -5.4027753
10	3441217 -0.588419 -1.1420103 -0.4695495 2.5836835 -5.358502
10	4557740 -0.5882764 -1.0942181 -0.47770435 2.475384 -5.4879365
10	3439597 -0.58581364 -1.1247971 -0.4779521 2.5665805 -5.3546586
10	3439058 -0.5856987 -1.147177 -0.47373155 2.5837905 -5.343347
10	3440541 -0.58298564 -1.2060773 -0.46292216 2.591109 -5.3394084
10	4870734 -0.58235985 -1.1978415 -0.47006997 2.618333 -5.3034034
10	4523575 -0.58199877 -1.0433967 -0.5014061 2.4979084 -5.3760915
10	4525984 -0.5817689 -1.0881563 -0.49296498 2.5323284 -5.353468
10	893781 -0.5817341 -1.1896056 -0.4772178 2.6455574 -5.2673984
10	4773204 -0.55921435 -1.4681544 -0.4419633 2.9866183 -5.900011
10	4773878 -0.55898446 -1.5129142 -0.4335222 3.0210385 -5.877387
10	4491556 -0.5575764 -1.1796149 -0.4970215 2.7965126 -6.2324634
10	4465215 -0.5568761 -1.4185181 -0.45273528 2.968899 -6.047117
10	3441019 -0.55136174 -1.304879 -0.47695753 2.9331906 -6.4113927
10	4768742 -0.5492808 -1.3271121 -0.46333185 2.973381 -6.763286
10	3417276 -0.5452288 -1.2367376 -0.49333617 2.9319177 -6.750879
10	3417367 -0.5452288 -1.2367376 -0.49333617 2.9319177 -6.750879
10	3417777 -0.5451138 -1.2591175 -0.48911563 2.9491277 -6.739567
10	3438779 -0.5447689 -1.3262571 -0.47645402 3.0007582 -6.7056313
10	3438280 -0.54465395 -1.348637 -0.47223347 3.0179682 -6.6943197
10	4489310 -0.544309 -1.4157766 -0.45957187 3.0695984 -6.6603837
10	4524612 -0.5397954 -1.3008046 -0.48670882 2.9393432 -6.7317853
10	3443078 -0.5397954 -1.3008046 -0.48670882 2.9393432 -6.7317853
10	3437520 -0.5396804 -1.3231845 -0.48248827 2.9565532 -6.7204733
10	4489747 -0.5395655 -1.3455644 -0.47826776 2.9737632 -6.7091618
10	3433510 -0.53867334 -1.1621857 -0.5157066 2.7128057 -6.5088477
10	3433594 -0.536021 -1.2991971 -0.4960627 2.908362 -6.7616696
10	117893 -0.5341381 -1.9073387 -0.41500884 2.412423 -4.229881
10	1422218 -0.5328811 -1.2938602 -0.48965085 3.0673225 -7.2692943
10	4493831 -0.53242123 -1.3833797 -0.4727687 3.136163 -7.2240467
10	4495934 -0.53219134 -1.4281394 -0.46432763 3.1705832 -7.201423
10	4495817 -0.53207636 -1.4505193 -0.4601071 3.1877935 -7.190111
10	834440 -0.5270804 -2.0112085 -0.3592317 3.6088123 -6.928735
10	1351643 -0.5173632 -2.386688 -0.2897794 1.3108839 -0.77447146
10	1351785 -0.5140193 -2.208549 -0.3249461 3.7353582 -6.831742
10	413292 -0.48572654 -2.337354 -0.33690876 1.0265827 -1.1014841
10	413291 -0.48014742 -2.3665612 -0.33646408 1.0775105 -1.2625804
10	3444214 -0.47943103 -3.4886436 -0.31181142 1.1335287 0.25716436
10	310147 -0.47943103 -3.4886436 -0.31181142 1.1335287 0.25716436
10	4495605 -0.47521067 -1.7189195 -0.45708477 3.7134104 -9.008609
10	807403 -0.47129974 -0.30605114 -0.5012029 1.4479475 -2.0973895
10	4532545 -0.47035214 -1.6710871 -0.47156012 3.6347852 -9.046075
10	194831 -0.41335896 -4.2006555 -0.32687277 1.190274 0.13736428
10	810095 -0.40054187 -2.5819423 -0.43448794 0.44826797 -1.5360756
10	412312 -0.39168307 -3.0567071 -0.3074507 2.4985805 -4.9148707
10	3416651 -0.39130685 -3.2112231 -0.29455692 0.14441034 0.51817304
10	748485 -0.3869333 -3.0297391 -0.37765566 3.6301928 -7.9811597
10	3682100 -0.38502628 -3.0133657 -0.31494066 2.3639863 -4.9925714
10	3416323 -0.36917827 -2.957146 -0.34905127 1.5812361 -3.7143667
10	1413662 -0.3668075 -2.5274742 -0.46203846 0.24822834 -1.699483
10	1022065 -0.36375433 -3.0688763 -0.33441266 2.2365303 -5.0479884
10	3416340 -0.35888636 -2.9733806 -0.35689926 1.5100365 -3.7327392
10	412327 -0.35658225 -3.196583 -0.45003644 0.042220667 -0.05544325
10	4478219 -0.3347306 -3.145022 -0.38646594 3.461285 -8.001519
10	3423411 -0.32685512 -4.148421 -0.42945516 0.43879133 -0.11495154
10	1342407 -0.32685512 -4.148421 -0.42945516 0.43879133 -0.11495154
10	3408548 -0.32685512 -4.148421 -0.42945516 0.43879133 -0.11495154
10	497891 -0.32156885 -3.0078042 -0.361638 1.9988712 -5.1076384
10	3416591 -0.31783378 -3.0159395 -0.3925117 1.208028 -3.8175404
10	230991 -0.314617 -3.7924628 -0.3124294 3.9052088 -7.8431535
10	1397531 -0.3134505 -3.4681888 -0.2955463 1.0279624 0.31556392
10	3682587 -0.3078992 -3.3580377 -0.329477 2.8973095 -6.7840986
10	3416621 -0.29736498 -3.0260289 -0.4124282 1.0484186 -3.8655968
10	763760 -0.2947401 -4.2553835 -0.38651648 0.77917176 -0.3265477
10	412535 -0.284427 -3.528635 -0.28804883 3.333926 -7.628592
10	1454464 -0.27534607 -3.5737388 -0.31459576 2.4258254 -5.063174
10	3416266 -0.27052283 -3.6895263 -0.29388052 3.190859 -7.63435
10	3416150 -0.27040786 -3.7119062 -0.28965998 3.2080693 -7.623038
10	3416261 -0.26543438 -3.6864538 -0.29991478 3.1466541 -7.649192
10	4479262 -0.26449117 -3.9401617 -0.37472513 3.5409431 -8.024467
10	3422014 -0.26207095 -3.5379207 -0.31264225 3.1588259 -7.691591
10	264052 -0.2570146 -3.3273118 -0.3898196 2.4552608 -6.93252
10	3416615 -0.25609028 -3.2722485 -0.40248907 1.5170164 -5.193946
10	3416317 -0.25574997 -3.5734901 -0.34339368 2.644572 -6.8080893
10	890633 -0.24174921 -3.3180938 -0.40792236 2.3226461 -6.977046
10	3416414 -0.24048461 -3.5642724 -0.36149645 2.5119574 -6.8526154
10	726238 -0.23200734 -3.980455 -0.29661673 3.3634386 -7.7011786
10	224698 -0.22008681 -3.753234 -0.3679699 2.837298 -7.857561
10	393913 -0.2041278 -3.3181617 -0.45061857 2.0149317 -7.0845714
10	890651 -0.1952306 -3.4420183 -0.42237923 2.372895 -7.9587884
10	3431298 -0.19385485 -3.6783383 -0.37331644 2.71731 -7.854012
10	412326 -0.1863384 -4.407179 -0.39733854 2.0664375 -5.3584504
10	3682445 -0.17551114 -3.9160798 -0.4327702 2.282384 -7.108379
10	118651 -0.16445558 -5.1228747 -0.293828 3.968681 -8.685994
10	393801 -0.14800818 -4.529974 -0.3844005 2.8992019 -7.988252
10	264144 -0.13416907 -3.405147 -0.49479035 1.8424367 -8.136893
10	1454820 -0.108475275 -3.0507348 -0.5739598 0.4567986 -5.651703
10	1464568 -0.09224339 -5.0891714 -0.29360458 0.816398 -2.825511
10	1464612 -0.08679058 -4.638384 -0.38098615 0.56765705 -3.2590482
10	840842 -0.06897528 -5.469492 -0.42293513 2.7139065 -7.2622356
10	1388314 -0.049970437 -5.1456976 -0.2928912 1.3687489 -4.3967924
10	1464354 -0.049558546 -5.293477 -0.30548126 1.1070651 -3.6915045
10	1464374 -0.023240961 -5.440067 -0.30545634 1.3281392 -4.302928
10	1453323 -0.014770665 -3.1582503 -0.6790076 0.33170775 -7.6413107
10	766306 0.20796002 -2.8354037 -0.46893743 0.08803598 0.028444434
10	4504021 0.22400708 -7.5433664 -0.28428483 2.7589185 -8.614573
10	4784640 0.22801146 -7.586519 -0.28519765 2.7623577 -8.621834
10	4786730 0.22801146 -7.586519 -0.28519765 2.7623577 -8.621834
10	265863 0.2594103 -2.8016653 -0.3341953 1.1091987 0.39763346
10	3665296 0.3636594 -2.9103792 -0.45840502 0.268118 0.014971289
10	412322 0.36818844 -4.062766 -0.36134493 -0.003267353 0.12959667
10	266224 0.45602107 -2.977108 -0.34865957 1.1200459 0.36379632
10	3665273 0.51791584 -3.116548 -0.4097034 0.74528474 0.14211343
10	807891 0.53323334 -1.3442199 -0.5143644 3.4709558 -8.114694
10	761598 0.55668634 -3.6345513 -0.28706285 1.7769381 0.30618462
10	4872362 0.5629071 -2.316929 -0.4337781 0.40375182 0.24242176
10	266208 0.56712914 -3.109267 -0.32644063 1.3649496 0.42334244
10	264865 0.5882581 -3.0582228 -0.38767198 0.8964152 0.27421427
10	847348 0.6390295 -1.90118 -0.52167875 0.7394336 -0.07034073
10	265058 0.6545212 -3.0727477 -0.39531642 0.88919157 0.2594397
10	1023492 0.7013492 -3.2118828 -0.59518296 0.16092224 -8.304294
10	265625 0.73470765 -2.908717 -0.29109013 2.2017431 0.49044657
10	265042 0.7942739 -3.2540812 -0.35271296 1.2895371 0.37420416
10	265037 0.8213942 -3.3045552 -0.33583975 1.45867 0.41390175
10	1393486 0.9607842 -1.4058961 -0.2894174 2.2080746 0.68626255
10	263570 0.968182 -3.4255567 -0.33581412 1.5894545 0.42319658
10	3665228 1.0020238 -4.247034 -0.3556191 2.9296136 -3.3204536
10	3665188 1.3118501 -4.812044 -0.28638214 4.1142044 -4.244996
10	3401461 1.3874832 -1.7445973 -0.30575967 3.2552922 -0.7252029
10	1406895 1.457347 -0.42674318 -0.52169096 2.329927 -1.9372184
10	4547278 1.4653372 -0.32013288 -0.6432118 0.02237356 -0.123099424
10	1406893 1.4933037 -0.4804205 -0.5281997 2.245336 -1.9405432
10	1406891 1.565217 -0.5877751 -0.54121715 2.0761538 -1.9471928
10	4516210 1.5680754 -0.30919972 -0.65141714 0.05146802 -0.1256744
10	4514905 2.0589616 -0.2618484 -0.66754407 0.08992601 -0.08764359
10	1406552 2.469768 -2.512277 -0.3163837 4.202175 -4.77181
10	3666589 2.7465425 -0.33884457 -0.554231 1.6451362 0.28725475
10	226685 3.0359497 -5.419328 -0.30514464 5.2065606 -8.822896
10	515429 3.456424 -0.29648742 -0.5207187 1.809846 0.4496178
10	4828128 3.5038905 -1.3105849 -0.3296689 3.0791063 0.37245536
10	742842 3.5082848 -0.31325802 -0.51734734 1.8252906 0.46663314
10	721759 3.5722206 -0.2836611 -0.5289476 1.7996045 0.44369853
10	742415 3.6241734 -1.2793101 -0.37657663 2.4497435 0.8452059
10	761695 3.8165634 -1.3557683 -0.3395325 2.6732116 0.984055
10	411123 4.002688 -0.9435554 -0.45620194 2.197985 0.70045525
10	766385 4.0375743 -2.6855328 -0.34159565 5.1322565 -7.1276207
10	507791 4.459096 -3.6523967 -0.34352705 5.251827 -7.0255356
10	766386 4.8653793 -1.0849074 -0.4155936 2.6912901 0.9695445
10	1460615 5.1121182 -0.9681042 -0.65633 3.5422642 -4.809784
10	411133 5.169747 -0.5102451 -0.5545127 2.1734529 0.6417508
10	749071 5.498192 -1.4862686 -0.35511813 3.1846583 1.2406065
10	731406 5.602041 -0.3247728 -0.324458 0.344918 -0.6103493
10	4776498 5.7357793 -1.4267547 -0.41523078 2.9350004 1.1078751
10	507800 5.817027 -1.5237077 -0.43541205 2.8749597 1.0487951
10	1461043 6.043797 -3.839035 -0.3499949 6.126716 -7.78597
10	3666538 6.0459857 -1.5056694 -0.48635966 2.7765765 0.8905084
10	725064 6.091963 -1.3721168 -0.50472707 2.5918074 0.90323246
10	808396 6.0967627 -2.3844614 -0.4155549 2.6801414 1.1323842
10	507810 6.106754 -1.0102773 -0.5053662 2.6949365 0.92331856
10	1415361 6.1286154 -2.1807702 -0.4205129 2.5961113 1.1528469
10	748214 6.1296415 -0.33172792 -0.66770405 1.9865315 0.47563002
10	507811 6.148106 -0.9613526 -0.51548135 2.6648812 0.9032268
10	1349333 6.1940536 -0.8607457 -0.6489208 2.1261137 0.3034543
10	3410992 6.2937307 -3.7499936 -0.38445538 5.297528 -6.908378
10	1393428 6.3889284 -0.5646578 -0.66183186 2.1290934 0.37967345
10	1381996 6.4923863 -4.159266 -0.3795368 6.651322 -9.404206
10	1385437 6.506218 -5.7111583 -0.37449503 7.2954345 -10.193659
10	1385455 6.52659 -5.707274 -0.37517932 7.2924004 -10.185335
10	1385202 6.5268273 -5.712713 -0.36031184 7.3182507 -10.144042
10	1385463 6.5673347 -5.6995044 -0.37654796 7.286333 -10.168688
10	4517924 6.6007066 -3.0828774 -0.47148383 2.2644722 1.0262822
10	841970 6.661789 -3.1574066 -0.48373243 2.1740818 0.999651
10	4517935 6.712694 -3.238081 -0.4839125 2.1721013 1.002704
10	3414367 6.796277 -0.24390288 -0.67453635 2.1737485 0.58464336
10	841997 6.878673 -3.44931 -0.50209904 2.031825 0.970967
10	1403569 6.9450374 -3.3703215 -0.732839 1.2803899 0.22975236
10	3665643 6.979569 -3.6380885 -0.51515067 1.9364239 0.90182084
10	1415471 7.0445848 -3.1340098 -0.51372063 1.7972162 1.0290893
10	226650 7.1064 -4.1317244 -0.4740758 4.9422517 -7.099694
10	3431918 7.140079 -0.68736774 -0.7620599 1.8238866 0.33783248
10	1382110 7.1489506 -4.7179637 -0.41101468 6.8292885 -9.513862
10	1382112 7.171744 -4.7374573 -0.41230813 6.8331904 -9.516226
10	1403571 7.23175 -1.1972754 -0.79111516 1.4935895 0.24837585
10	1415563 7.250466 -5.714138 -0.55048025 3.3661637 -7.223405
10	1415497 7.3144274 -3.3917584 -0.54673076 1.5404809 0.9769835
10	1415500 7.368534 -3.4701638 -0.54826814 1.5097859 0.9801366
10	808527 7.5246034 -4.3633065 -0.5740202 1.5024117 0.8317619
10	265567 7.5324416 -3.4345071 -0.47667614 3.4895217 0.9928127
10	265568 7.5532327 -3.4324248 -0.47751316 3.491704 0.9940787
10	263536 7.615607 -3.4261773 -0.48002428 3.4982514 0.99787664
10	1403900 7.640036 -3.421557 -0.457155 5.5600495 -6.947279
10	4671120 7.733649 -2.1491616 -0.48326126 4.863068 -3.5345814
10	4660593 7.746084 -2.2996266 -0.47191527 4.9860663 -3.7190933
10	4732402 7.7595325 -2.3951428 -0.46536565 5.1376853 -4.0564623
10	4633739 7.7634964 -2.4372401 -0.4610478 5.1888523 -4.1518264
10	4590257 7.765498 -2.458816 -0.4615042 5.190572 -4.1554565
10	1404046 8.197805 -5.099222 -0.58378273 4.0421433 -7.075695
10	3411173 8.279507 -6.48328 -0.6046075 3.6562233 -7.3232613
10	1404078 8.298643 -5.4783287 -0.611534 3.7037268 -7.139939
10	3664383 8.389492 -6.6169076 -0.6165798 3.5621328 -7.3432093
10	1404235 8.454028 -5.798535 -0.6433557 3.3646405 -7.158076
10	1404182 8.456263 -5.8311424 -0.6393852 3.3988369 -7.1990194
10	1404151 8.457993 -5.840632 -0.63903785 3.4158077 -7.25344
10	265290 8.501921 -3.3057761 -0.38977373 2.688388 1.3082198
10	3664395 8.503481 -6.7936873 -0.62946486 3.4714813 -7.3704176
10	3665051 8.529476 -6.810912 -0.6321156 3.446669 -7.372682
10	3664859 8.529476 -6.810912 -0.6321156 3.446669 -7.372682
10	3664662 8.529476 -6.810912 -0.6321156 3.446669 -7.372682
10	3664504 8.529476 -6.810912 -0.6321156 3.446669 -7.372682
10	3411959 8.529476 -6.810912 -0.6321156 3.446669 -7.372682
10	3411868 8.529476 -6.810912 -0.6321156 3.446669 -7.372682
10	3411784 8.529476 -6.810912 -0.6321156 3.446669 -7.372682
10	3411749 8.529476 -6.810912 -0.6321156 3.446669 -7.372682
10	3411729 8.529476 -6.810912 -0.6321156 3.446669 -7.372682
10	3411466 8.529476 -6.810912 -0.6321156 3.446669 -7.372682
10	3411319 8.529476 -6.810912 -0.6321156 3.446669 -7.372682
10	3411270 8.529476 -6.810912 -0.6321156 3.446669 -7.372682
10	265337 8.585523 -3.3076541 -0.36982188 2.8761199 1.373918
10	264589 8.6114025 -3.302499 -0.37669316 2.8340974 1.360342
10	265163 8.616491 -3.2994263 -0.38272744 2.7898927 1.3454999
10	264774 8.632194 -3.3004165 -0.37753022 2.8362799 1.3616079
10	265156 8.637282 -3.2973437 -0.38356447 2.792075 1.3467659
10	265153 8.642371 -3.2942712 -0.38959873 2.7478702 1.3319237
10	265915 8.673339 -3.2860436 -0.4025043 2.6616428 1.3035055
10	264969 8.673777 -3.2962515 -0.37920427 2.8406448 1.3641399
10	264398 8.720448 -3.2890139 -0.3869126 2.8008049 1.3518298
11	890841 -0.70728225 -0.78919154 1.1963869 1.2889459 0.25159773
11	888953 -0.70184004 -0.33341393 0.20345892 1.3147739 -1.7097024
11	1445255 -0.66437924 -0.39996284 0.47267437 1.3294973 -2.1486883
11	893123 -0.62986654 -1.4663808 0.5809536 1.0257056 0.108422786
11	1431402 -0.6268294 -1.2535905 1.4247338 1.1006886 0.15653707
11	834520 -0.58940977 -1.0671802 1.3545233 0.886624 -0.1735225
11	1459945 -0.5223745 -2.1999547 1.2845868 1.1622027 0.49996898
11	4498531 -0.5198703 -1.5323712 1.9662473 0.66525507 -0.06491122
11	1453611 -0.49420154 -3.528021 -0.18070719 1.2593797 0.72935456
11	3453528 -0.48864326 -2.046616 1.1205488 0.72132546 0.37858582
11	1453624 -0.47670406 -3.585139 -0.19082528 1.162905 0.7038217
11	3420994 -0.47670406 -3.585139 -0.19082528 1.162905 0.7038217
11	1453621 -0.47647414 -3.6298988 -0.18238421 1.1973252 0.7264455
11	4804967 -0.46809533 -2.052354 1.4351598 0.44103336 0.2538024
11	4827469 -0.4679101 -2.0837545 1.1742896 0.38115016 0.23275204
11	3416529 -0.43767783 -3.1269772 -0.2613513 0.45620355 0.5951926
11	3928574 -0.42742735 -1.9222528 0.7643959 -0.047835495 0.1345633
11	4483468 -0.39064378 -1.9000442 0.3940599 -0.6228713 -0.066509955
11	1460380 -0.38986936 -1.952626 0.33527637 -0.5299612 -0.036932327
11	840908 -0.3868851 -1.82146 0.6692935 -0.61899525 -0.11476202
11	413769 -0.38282827 -1.8657459 1.9621209 -0.20733029 0.04922206
11	165362 -0.37890682 -0.44643316 3.0117388 0.6082706 -1.5694419
11	352371 -0.36316478 -1.9094139 1.9692755 -0.1728821 0.06410351
11	721594 -0.35789254 -1.9140104 2.2909827 0.08471171 0.12749116
11	3428943 -0.35738596 -1.8503828 1.9319496 -0.42835462 -0.02498848
11	4883928 -0.35479584 -0.90203017 1.8009064 -0.26555467 -1.132276
11	769307 -0.35455525 -1.8838574 1.9585018 -0.2560718 0.03374467
11	769309 -0.34946677 -1.8807847 1.9524676 -0.30027667 0.018902563
11	509448 -0.32528037 -2.8969195 3.1761053 0.6811167 -0.10749079
11	804686 -0.31327334 -1.867726 1.2438892 -0.98040056 -0.20662385
11	3682575 -0.3130225 -1.7596661 3.1152456 -0.46804014 -0.04949081
11	3682577 -0.3130225 -1.7596661 3.1152456 -0.46804014 -0.04949081
11	3928422 -0.31300503 -1.9314896 0.33438125 -1.072957 -0.218522
11	3428243 -0.31199864 -2.4995892 3.092481 0.16542819 -0.3026421
11	193711 -0.31199864 -2.4995892 3.092481 0.16542819 -0.3026421
11	845951 -0.30808982 -3.260505 3.2359793 0.7505721 0.08196177
11	395502 -0.30333906 -1.8143461 3.1475537 -0.2633704 0.02840904
11	75764 -0.29884118 -1.7966732 3.1022642 -0.55301076 -0.08643564
11	506621 -0.29856035 -4.0478024 2.050147 0.93369305 0.019978564
11	394735 -0.29552022 -1.8902273 1.9310017 -0.48265707 -0.046103064
11	840851 -0.29425073 -2.1356778 3.1255894 -0.3061931 -0.066679664
11	3682473 -0.29283464 -1.8614014 3.100895 -0.5478521 -0.09732655
11	75674 -0.28883028 -1.9045537 3.099982 -0.544413 -0.10458716
11	263936 -0.2861528 -1.6539799 3.0635152 -0.7733955 -0.18389104
11	393837 -0.2846599 -1.8336802 3.0892828 -0.63798136 -0.12338046
11	804685 -0.28414533 -1.8289424 1.8470136 -1.0455031 -0.2364083
11	1019237 -0.27770093 -2.009247 0.79074466 -1.1144003 -0.34081283
11	4827535 -0.2754011 -1.7597339 3.0725493 -0.77575463 -0.15701587
11	75691 -0.27448297 -1.8275349 3.0772142 -0.72639114 -0.15306468
11	1019246 -0.27298817 -1.9647697 0.43966967 -1.3252163 -0.37907976
11	1460371 -0.27100298 -1.8126198 3.0978067 -0.6086919 -0.097608104
11	3453212 -0.26756814 -1.8972591 1.8597461 -0.96513057 -0.21031505
11	3680566 -0.25562313 -2.8414764 3.1411557 -0.030143052 -0.10863888
11	727955 -0.25269485 -1.8152701 2.1473124 -0.97880936 -0.20989044
11	3928417 -0.2461302 -1.8387438 1.8304876 -1.189594 -0.27726498
11	3428855 -0.23794566 -1.8738276 3.0396395 -0.98646164 -0.25300825
11	4881255 -0.23173766 -1.2437369 1.7798305 -0.6887426 -1.2157794
11	4483343 -0.22251429 -1.750584 3.0117502 -1.2160838 -0.30906725
11	9536 -0.21472578 -3.2489989 3.2451284 0.6911911 0.11481153
11	361494 -0.19426577 -2.1136038 1.8205532 -1.2246404 -0.3320011
11	731804 -0.15551393 -3.9202821 3.1183355 0.055834673 -0.29015413
11	3407174 -0.14514014 -3.9190037 3.119352 0.049236782 -0.28650415
11	1343217 -0.14514014 -3.9190037 3.119352 0.049236782 -0.28650415
11	1394226 -0.13476636 -3.9177253 3.1203687 0.04263889 -0.28285417
11	353776 -0.13476636 -3.9177253 3.1203687 0.04263889 -0.28285417
11	4478215 -0.13453177 -3.9197214 3.1204076 0.048895486 -0.28933257
11	3679077 -0.12415799 -3.918443 3.121424 0.042297594 -0.28568262
11	841029 -0.103645004 -3.9138901 3.1234183 0.022845218 -0.27190426
11	321600 -0.10264947 -1.6609614 1.9793817 -2.2570164 -0.6108285
11	4544176 -0.0918698 -2.5297017 2.9677417 -1.3932782 -0.50664914
11	507894 -0.09023034 -1.4895524 2.3384728 -0.582365 -0.15770526
11	353496 -0.08522723 -3.4400632 -0.27318174 0.88280886 0.39586332
11	367801 -0.07152812 -1.6571261 1.9824314 -2.2768102 -0.5998786
11	1406530 -0.06989718 -1.8260176 3.0642068 -0.7558322 -0.1564933
11	1443997 -0.041402295 -3.9062195 3.1295178 -0.016742127 -0.2500044
11	400832 0.008090504 -2.608241 3.338152 0.7904283 0.45197642
11	294629 0.0439619 -2.0568392 2.9385927 -0.89586824 -2.1570783
11	810848 0.061737135 -1.8804882 0.89186937 -0.77290195 -0.12050401
11	3443857 0.1391428 -1.806353 3.00878 -1.090292 -0.26873264
11	411163 0.14645894 -1.7943243 2.1737812 -0.592675 -0.070501916
11	766323 0.16184628 -2.0614114 1.0439379 -0.35969573 -0.013627681
11	4499364 0.19751222 -1.7569532 3.007182 -1.0871837 -0.2576741
11	1459673 0.21561252 -3.4029887 -0.2437012 0.69147 0.50171256
11	1349367 0.22978985 -1.9350606 0.22270776 -0.57430726 -0.057111666
11	1393465 0.24466825 -1.8249961 1.8809589 -0.5797323 -0.077238075
11	3401470 0.24653068 -1.7175541 3.0221992 -0.99716485 -0.21950722
11	881192 0.25627384 -2.1633773 0.12796219 -0.922156 -1.6975812
11	1350558 0.27080676 -1.6149378 2.015978 -2.4945405 -0.47942945
11	1404545 0.4334538 -1.6114556 1.7494366 -2.5760682 -0.4033637
11	750120 0.44197983 -0.6132156 3.1943042 1.2475158 0.22478317
11	750115 0.4420948 -0.6355955 3.1985247 1.2647259 0.23609504
11	1393449 0.5051354 -1.8211795 3.1485536 0.13051258 0.1382612
11	1019613 0.5922381 -1.601902 1.6747015 -2.1613004 -0.5561774
11	748220 0.6744897 -2.0465698 2.0746243 1.1190162 0.48820072
11	4546812 0.6952814 -1.6800168 0.1318976 -1.9794592 -0.474588
11	4515689 1.0002892 -1.6136248 0.6810637 -1.9811919 -0.5017579
11	882335 1.2535723 -0.29379448 0.78891426 -0.0011214803 -0.37137732
11	721768 1.2662338 -0.369426 1.9341369 1.2539233 0.1977666
11	4547639 1.4334892 -1.5645585 0.67783195 -2.0206199 -0.4461458
11	730811 2.0305037 -1.4990484 0.6510612 -1.9596218 -0.416796
11	1353148 2.7076793 -1.382943 1.5881889 -1.9409758 -0.4376208
11	4896550 3.7971358 -0.31109944 1.0173159 -0.35120955 -0.17711048
11	4547468 5.976321 -1.0368432 1.456316 -1.6356457 -0.24891466
11	1397980 6.289209 -1.0915327 -0.07258542 -1.3552421 -0.19109276
11	4513935 6.379412 -1.0724543 0.07506706 -1.4080535 -0.17496821
11	4480122 6.475604 -1.0691379 -0.060410853 -1.442313 -0.13841814
11	3681497 6.585066 -1.0270225 0.45807606 -1.4279976 -0.18581711
11	1455904 7.089233 -0.84796226 2.5868704 -1.5913607 -0.27483863
11	1443198 7.3773665 -0.8164855 2.5724683 -1.5542638 -0.2638137
11	729593 7.479938 -0.80586094 2.561201 -1.5093237 -0.27290112
11	3406168 8.371453 -0.7752551 1.3676044 -1.3878227 -0.1267599
12	890840 -0.73990023 -0.80638653 0.6305541 1.3772137 0.28316036
12	4484622 -0.738786 -2.00295 -0.117712654 2.9691498 0.055643674
12	890808 -0.7387506 -1.0301852 0.6727595 1.5493149 0.39627916
12	4828018 -0.7336639 -1.3692431 -0.22679256 2.6399708 -0.4180081
12	3927612 -0.7306571 -0.7731788 -0.09344367 1.578284 -0.5263054
12	1381106 -0.7303136 -2.0122824 -0.11474864 3.1062796 -0.107163355
12	506747 -0.72977275 -1.047885 0.6615919 1.4913391 0.36286455
12	1381093 -0.72684693 -2.0127034 -0.11454373 3.1613069 -0.17887028
12	4876271 -0.72457224 -1.9837303 0.91422373 2.2976909 0.74244773
12	4828083 -0.7216391 -1.7009352 -0.17776169 2.719627 -0.07557704
12	3453340 -0.71959496 -1.4232442 -0.26496643 2.217558 -0.22719833
12	890090 -0.71948427 -0.5429545 -0.23270105 1.4854826 -1.5117009
12	4827984 -0.7190106 -1.3859581 -0.21587017 2.6916213 -0.44010356
12	890797 -0.71601635 -1.0900466 1.1508543 1.5683709 0.41875035
12	4479417 -0.7152457 -1.5335361 -0.25321764 2.2726274 -0.2005233
12	883903 -0.7143748 -0.8716013 1.1048883 1.4002321 0.27342764
12	4484525 -0.7078539 -2.029471 -0.11402508 3.2007349 -0.31244323
12	890737 -0.7076682 -1.3718594 1.347633 1.7767842 0.55879664
12	890700 -0.69692785 -1.4476905 1.5773826 1.8226472 0.593532
12	4775843 -0.69520193 -1.2999098 1.2700745 1.6073258 0.43706003
12	4775797 -0.69179624 -1.4744679 0.75676316 1.5558525 0.4065921
12	1347323 -0.68138695 -0.44568676 0.017940719 1.4931887 -2.425902
12	1347089 -0.6745333 -0.43656123 0.15985234 1.4778705 -2.43291
12	159237 -0.67253476 -2.7796066 -0.0884446 4.067976 -1.111763
12	4478556 -0.67216885 -1.9197019 -0.26250952 2.2537732 -0.2678001
12	1016719 -0.67044824 -0.8935484 -0.28390855 2.0370023 -3.0416288
12	404584 -0.6540395 -2.4290166 -0.16394842 2.3217196 -0.6783629
12	846022 -0.65233356 -1.0453 0.12998134 1.8360811 -2.288752
12	1347238 -0.64432317 -0.7102701 -0.08159987 1.9567119 -3.6050272
12	834635 -0.6435768 -1.1499861 1.499847 1.4949315 0.36964935
12	846082 -0.6400857 -1.0961493 0.21487008 2.1334276 -3.1093962
12	401250 -0.63049024 -1.2074525 2.4232452 1.5450503 0.43665192
12	889946 -0.6218311 -0.63830596 0.71303755 1.804858 -3.32257
12	3415869 -0.61966246 -2.8839052 -0.095578 3.5751734 -3.1002223
12	3417303 -0.61966246 -2.8839052 -0.095578 3.5751734 -3.1002223
12	4772692 -0.6189925 -2.515445 -0.17705013 2.3456354 -1.2455564
12	352778 -0.6181462 -0.75439084 0.053285886 2.0171032 -4.160235
12	3415775 -0.614574 -2.8808327 -0.10161226 3.5309684 -3.1150644
12	4524583 -0.61445904 -2.9032125 -0.097391725 3.5481787 -3.1037524
12	4492333 -0.6093706 -2.9001398 -0.10342598 3.5039737 -3.1185946
12	4488220 -0.6092556 -2.9225197 -0.09920544 3.521184 -3.1072826
12	3438822 -0.60428214 -2.8970673 -0.109460235 3.459769 -3.1334367
12	3439537 -0.60428214 -2.8970673 -0.109460235 3.459769 -3.1334367
12	4768569 -0.60428214 -2.8970673 -0.109460235 3.459769 -3.1334367
12	4495627 -0.60416716 -2.9194472 -0.1052397 3.476979 -3.122125
12	4777736 -0.6020105 -3.4969478 -0.14757949 2.552536 -0.22916494
12	3418753 -0.60158426 -0.7808482 0.33710498 2.0637546 -4.079031
12	3681249 -0.5986432 -2.4507442 0.084558666 2.1277094 -1.1036245
12	3421109 -0.5978114 -3.251225 -0.13915166 2.937532 -1.4672091
12	4770090 -0.59410524 -2.890922 -0.12152875 3.371359 -3.163121
12	4769216 -0.59399027 -2.913302 -0.117308214 3.3885694 -3.151809
12	1347221 -0.58991706 -2.9332073 -0.120905444 3.5276423 -3.384376
12	4771811 -0.58901674 -2.8878496 -0.12756301 3.3271544 -3.177963
12	846173 -0.5876666 -1.2593876 0.57113856 2.4773397 -4.153553
12	4805268 -0.58737046 -2.4778986 -0.22449918 2.015514 -1.2513226
12	4490011 -0.5839283 -2.8847768 -0.13359727 3.2829494 -3.192805
12	1059329 -0.5828565 -2.9907024 -0.12631533 3.6674385 -3.450839
12	888930 -0.58217156 -0.7236123 0.95516527 1.9982696 -4.1629395
12	846017 -0.5809723 -1.4199041 0.2834207 2.5544157 -4.284258
12	3681161 -0.57963663 -2.3283453 -0.2154272 1.7786579 -0.42072895
12	4462326 -0.57883984 -2.8817043 -0.13963152 3.2387445 -3.2076473
12	3418576 -0.57689786 -0.7519403 0.68826073 1.8941815 -4.198832
12	421061 -0.56758964 -4.209098 -0.053541493 3.2149322 0.28487736
12	747657 -0.5673396 -0.87354517 0.29514462 2.388334 -5.542465
12	1016508 -0.5668028 -1.2630112 0.13863818 2.6286974 -5.3843775
12	4531869 -0.56357443 -2.8724864 -0.1577343 3.10613 -3.2521737
12	269355 -0.56050295 -0.8424909 1.0608228 1.9551601 -4.174835
12	4805264 -0.5590862 -2.6246724 -0.22287317 2.270168 -2.054639
12	1058253 -0.5585145 -3.0173345 -0.14935033 3.5858893 -3.636977
12	1396016 -0.5560323 -2.4542375 -0.25457194 1.5758473 -0.57338685
12	4459836 -0.55357933 -2.6312509 1.2911435 2.9463274 -2.4390323
12	421057 -0.55342346 -4.332645 -0.051215824 3.5364208 -0.04697815
12	1265604 -0.5530925 -2.2816515 3.5454998 2.7931764 0.36338228
12	4511302 -0.5510703 -2.4523172 -0.26439297 1.7382715 -1.4647578
12	3928045 -0.5506606 -2.4438536 -0.24546663 1.7977679 -1.2075235
12	3418751 -0.54974014 -2.9091344 1.0751045 3.6733563 -3.509594
12	3421426 -0.5487111 -2.9812682 2.5452216 2.182271 0.65847385
12	4868378 -0.54796624 -3.0565739 -0.15043844 2.2029445 -1.159337
12	4827972 -0.5458495 -1.1870309 3.3402555 2.3480594 -0.61256206
12	421111 -0.54358107 -4.016232 -0.07452379 4.1143765 -1.1374047
12	1350049 -0.541112 -2.4259787 -0.2837442 1.5394778 -1.2973977
12	398190 -0.54078496 -3.363827 -0.08866808 4.516521 -5.3707
12	3416459 -0.5393656 -2.378111 -0.27808875 3.8096335 -6.173973
12	846591 -0.5334119 -0.80783147 0.9281691 2.2734773 -5.5852137
12	4773466 -0.5329287 -2.8764305 -0.18971932 2.858111 -3.3299143
12	1350047 -0.5277329 -2.5261626 -0.2760285 1.7534368 -1.8202649
12	1021963 -0.5268308 -2.4453063 -0.26394922 1.6048101 -1.0880858
12	1023892 -0.5246167 -3.0685678 -0.16647874 4.25941 -5.8872786
12	3399329 -0.52320874 -3.421602 -0.08470408 4.458517 -5.744496
12	1350090 -0.52112633 -2.477582 -0.27999318 3.932987 -6.7145915
12	1351642 -0.5189913 -2.40874 -0.2830504 1.3890303 -0.8684702
12	4776427 -0.5189042 -0.8991858 1.3054081 2.3499465 -5.5462747
12	3396677 -0.5182352 -3.3961494 -0.09495887 4.3971024 -5.7706494
12	4873162 -0.51511437 -3.5077996 -0.0975147 4.3218236 -5.2826977
12	890089 -0.51282465 -2.9097676 0.460331 3.2110023 -3.4814467
12	352782 -0.5115267 -1.160751 0.31456053 2.6662326 -6.219005
12	1427756 -0.51143765 -3.4809422 -0.08810668 4.665504 -6.1904144
12	3423021 -0.51141816 -2.8122299 -0.23455444 4.136116 -6.608987
12	3407018 -0.51074946 -3.5039835 -0.091882706 4.680447 -6.209087
12	3444256 -0.50791335 -3.6532488 -0.17680761 1.4822015 0.69546026
12	4787130 -0.5065017 -2.9487398 3.4250736 2.114699 0.58095837
12	3418750 -0.5044472 -3.0618703 1.3233808 3.9352062 -4.425356
12	3677504 -0.50412124 -3.6858335 -0.26718858 1.5009241 0.34685877
12	352683 -0.5034624 -1.2019482 0.38557714 2.6165972 -6.105187
12	3416018 -0.50295335 -2.9704924 -0.20660569 2.845 -3.5914445
12	4498554 -0.5028461 -1.7605458 0.97985846 2.777856 -5.274405
12	4477553 -0.50261223 -2.9695122 3.4199402 2.1009278 0.5623859
12	1352207 -0.5014574 -2.945147 0.19133501 3.2444885 -3.201295
12	3420701 -0.5007873 -2.921161 3.426135 2.042327 0.5998311
12	4526403 -0.49618948 -3.5201335 -0.10646618 4.4392896 -5.7123957
12	194947 -0.49506035 -2.5167122 -0.27555323 3.9100065 -6.6995096
12	890450 -0.49394974 -1.4385959 0.16910689 1.589537 -4.1073136
12	352695 -0.49182603 -1.1667886 0.6710229 2.6465814 -6.301071
12	3437159 -0.49050897 -3.5805511 -0.09114102 4.574735 -6.1932235
12	4525212 -0.48578262 -3.558748 -0.11009362 4.3853 -5.719456
12	746072 -0.48503265 -0.7901899 1.8898367 2.1890087 -5.624837
12	1438303 -0.48459262 -3.1636972 3.4158328 2.1164038 0.52971315
12	4470074 -0.4829337 -3.2293718 3.431814 2.1548104 0.57869107
12	3445841 -0.48247546 -3.2076533 3.419597 2.1353335 0.53739476
12	4471338 -0.48247546 -3.2076533 3.419597 2.1353335 0.53739476
12	4778843 -0.48093313 -3.1397097 3.4022582 2.0682125 0.48851693
12	4535152 -0.48047328 -3.2292292 3.4191403 2.137053 0.5337644
12	3420719 -0.4795977 -3.7563033 -0.18112384 3.1611412 -3.4159582
12	720946 -0.47868735 -2.270719 -0.08003586 3.1863728 0.17685018
12	3421250 -0.47752514 -3.3774161 1.6382287 3.4382658 -3.3944676
12	4471537 -0.4764689 -3.2723815 3.4182277 2.1404922 0.5265038
12	1052238 -0.47369 -3.6873431 -0.12344701 4.5323277 -6.3161707
12	68924 -0.4718824 -1.2889447 2.2720897 2.5829191 -5.37878
12	810146 -0.46754006 -3.005214 1.1995434 4.1254945 -5.995993
12	4463959 -0.46508387 -3.6135972 -0.12156904 4.260111 -5.744889
12	4534554 -0.46325675 -3.3779933 3.4145882 2.1203756 0.50845236
12	3451706 -0.46256858 -3.4010344 3.4108121 2.135319 0.4897798
12	412231 -0.46208298 -1.8417557 2.0915923 3.0134027 -5.0859785
12	4544925 -0.45949122 -3.6947746 -0.11981357 4.295927 -5.589348
12	3451695 -0.45844924 -3.4665666 3.41412 2.1559682 0.49383107
12	846125 -0.45736742 -3.3362412 -0.18567261 3.8109627 -5.6118035
12	352723 -0.45702404 -1.265868 0.9314158 2.9060748 -7.335224
12	3421125 -0.45634723 -4.04244 -0.12064327 4.6901884 -6.3597136
12	755362 -0.45406663 -4.2252364 -0.2785987 1.543913 0.25610116
12	1381749 -0.45131105 -3.720108 -0.13043648 4.0818295 -5.2264085
12	3914864 -0.45098388 -3.6805837 -0.056201298 6.1542754 -6.2828455
12	352689 -0.4502354 -1.2075075 1.2820531 2.7340937 -6.8379593
12	846085 -0.44896597 -3.4021568 -0.18233359 3.957115 -5.906164
12	3889909 -0.44875014 -3.7131915 -0.05223082 6.1884713 -6.323789
12	679678 -0.4449028 -3.766637 -0.048119314 6.224372 -6.3705277
12	632875 -0.44317266 -3.7761269 -0.04777194 6.241343 -6.424948
12	1023210 -0.44208345 -3.0933893 -0.24344237 2.897884 -4.8217263
12	3451647 -0.4419719 -3.728695 3.4273508 2.238565 0.5100362
12	584946 -0.44117045 -3.797703 -0.048228342 6.2430625 -6.4285784
12	3461477 -0.4379733 -3.942948 -0.023752613 6.3633246 -6.4107976
12	421101 -0.43685007 -3.2877858 3.429049 2.452488 0.078272134
12	3688276 -0.4357638 -3.7529163 -0.058549162 6.2731934 -6.6464686
12	807250 -0.43531808 -0.25814196 0.24383315 1.3675267 -2.134182
12	1169918 -0.43469915 -3.8507662 -0.04475799 6.3112307 -6.574033
12	1081844 -0.4345842 -3.873146 -0.04053745 6.328441 -6.5627213
12	3872958 -0.43414858 -3.7400262 -0.062422324 6.272954 -6.7122006
12	3712466 -0.43414858 -3.7400262 -0.062422324 6.272954 -6.7122006
12	3687032 -0.43219012 -3.828004 -0.04961968 6.3262887 -6.6840606
12	352745 -0.42981738 -1.1033897 1.8809099 2.582494 -6.5811863
12	680673 -0.42972645 -3.9053712 -0.03720813 6.394905 -6.70238
12	3766155 -0.42733237 -3.860229 -0.046290357 6.392753 -6.8237195
12	3704918 -0.42733237 -3.860229 -0.046290357 6.392753 -6.8237195
12	747425 -0.42555937 -1.4309777 1.3210616 3.2331681 -8.207868
12	3547231 -0.42525896 -3.9705865 -0.029267175 6.463298 -6.7842674
12	1102236 -0.42376035 -3.9690447 -0.03334668 6.4477916 -6.8013744
12	3496247 -0.42360166 -3.925023 -0.04238519 6.413387 -6.8218336
12	4808527 -0.42354235 -2.9428728 3.3402863 1.4286175 0.3811507
12	4769923 -0.42276654 -2.975071 2.2473273 3.4507613 -4.653382
12	1257007 -0.42187148 -3.9345129 -0.04203782 6.4303575 -6.876254
12	3647825 -0.42152497 -3.967924 -0.0333904 6.4800444 -6.902255
12	3874221 -0.42051616 -3.9804318 -0.03015839 6.512552 -6.9352384
12	3609066 -0.41901758 -3.97889 -0.034237895 6.497046 -6.952346
12	3800163 -0.41828242 -4.0130396 -0.026187913 6.546748 -6.976182
12	361814 -0.41733152 -3.1339846 -0.24232204 2.888127 -4.821687
12	702824 -0.41666886 -4.0338774 -0.026046881 6.5484524 -6.9819775
12	159183 -0.41316482 -3.9317558 -0.13399912 5.009753 -8.175864
12	594282 -0.41031414 -4.098289 -0.02278287 6.601354 -7.078807
12	1379873 -0.40927148 -3.8942046 -0.13729322 4.1126146 -5.8209715
12	3451951 -0.4051232 -4.527749 -0.10755439 5.004465 -7.3103876
12	4517182 -0.4049222 -3.9106379 -0.13855447 4.0225916 -5.6809998
12	3444245 -0.40239286 -4.0590024 -0.16158257 3.4145105 -4.5976553
12	421064 -0.39981005 -3.820774 3.4677055 2.7131162 0.054043673
12	850119 -0.3956732 -3.1281886 -0.26394376 2.7321265 -4.8939705
12	352638 -0.39350605 -1.6224911 1.2852238 2.8016312 -7.3727627
12	1433286 -0.3914528 -4.6116424 -0.123410836 4.9648714 -7.3697352
12	1023391 -0.39060825 -3.0772636 -0.2645297 2.7012706 -4.870145
12	1056373 -0.39041138 -3.0821304 -0.2514446 2.7830825 -4.836811
12	1351383 -0.38969016 -3.1450646 -0.25986466 2.7506342 -4.866194
12	1023392 -0.38551977 -3.0741909 -0.27056396 2.6570659 -4.8849874
12	3429435 -0.3818692 -3.9414146 -0.15987867 3.6150055 -5.135706
12	3401411 -0.3810452 -2.3005276 2.0593073 2.5647812 -5.160032
12	1351387 -0.3744248 -3.1358466 -0.27796742 2.6180196 -4.9107203
12	1016467 -0.37294146 -1.5483018 2.2263854 3.1999238 -8.2059
12	1016766 -0.37239304 -1.2995371 3.1093214 2.7726924 -6.779027
12	1052896 -0.37153774 -3.5428662 1.4048092 4.4288454 -7.3035855
12	1393989 -0.3705921 -3.9768772 -0.16879436 3.4022114 -4.786291
12	1021863 -0.36811146 -3.5289085 -0.08893399 4.567133 -6.1987824
12	4779338 -0.36662182 -5.027215 -0.099343926 5.105977 -7.334116
12	3446413 -0.36484957 -5.004031 -0.10824141 5.073276 -7.36037
12	4534564 -0.36340225 -4.9497805 -0.1361289 4.8615413 -6.769689
12	807426 -0.36180198 -0.28472733 0.6686715 1.4280334 -2.475366
12	1019182 -0.36085013 -1.2000006 3.083463 2.7876265 -7.3766255
12	1395183 -0.36078373 -4.236415 -0.14707133 3.9460068 -5.8503695
12	1395792 -0.35834157 -4.173666 -0.14719462 4.128015 -6.2596145
12	4536629 -0.35821718 -5.0442533 -0.10251497 5.0502677 -7.337546
12	4479230 -0.35489023 -3.5216591 1.646282 4.3508945 -7.326387
12	3419836 -0.35130253 -1.5981638 1.6516691 2.88072 -8.275533
12	1395143 -0.3507706 -4.4603357 -0.09948089 5.1448646 -8.494343
12	225763 -0.3507686 -4.33285 -0.10946904 5.1470675 -8.490485
12	352687 -0.3467838 -1.2146277 3.066261 2.6854458 -7.4248824
12	3680630 -0.34529346 -1.6070819 3.1253667 2.9256077 -6.9267044
12	1447478 -0.34206492 -4.0657606 -0.1821951 3.1433365 -4.6910257
12	1394534 -0.34166127 -4.1514616 -0.1676358 3.4480162 -5.1028223
12	1452908 -0.34034863 -1.2273889 3.0780747 2.9728491 -8.340716
12	4805257 -0.3383915 -3.769657 -0.21030979 4.2564735 -8.320076
12	269804 -0.33491528 -1.2914559 3.084702 2.9802747 -8.321623
12	3664090 -0.33461216 -2.4184806 -0.060189586 3.1491096 0.43852866
12	4498567 -0.33423144 -3.5704768 -0.12692033 4.2430077 -6.2871337
12	3418648 -0.33268318 -1.3577917 3.0926867 3.0164144 -8.302629
12	3422225 -0.33243564 -2.2442884 3.258103 3.483737 -6.9159284
12	4804956 -0.3314845 -2.3519824 3.2581239 3.485709 -6.9226875
12	3427549 -0.33061686 -3.546555 -0.25991067 3.568146 -7.5616817
12	1396129 -0.329835 -4.214965 -0.16154455 3.6599705 -5.6942863
12	1436074 -0.32846537 -5.459541 -0.103795074 5.1558585 -7.39178
12	3423082 -0.3260928 -3.597838 1.6211578 4.1878924 -7.4045815
12	269365 -0.3253626 -1.421055 3.0946372 3.0083494 -8.298478
12	883787 -0.32350495 -2.1604512 3.2478304 3.4432418 -6.9598455
12	1393993 -0.32332373 -4.2583556 -0.16545998 3.7261195 -5.924597
12	1396203 -0.320568 -2.7039673 3.3302455 4.0296526 -7.692395
12	1022889 -0.32043993 -3.5404098 -0.27197918 3.4797363 -7.591366
12	230157 -0.3198338 -4.2412844 -0.17586072 3.4574573 -5.4186254
12	1396147 -0.31879574 -2.6807837 3.321348 3.9969518 -7.7186494
12	4873269 -0.31616512 -4.432128 -0.17130123 3.0077772 -4.5901184
12	1394049 -0.31408373 -4.2953815 -0.1741968 3.4287179 -5.345414
12	748917 -0.31210965 -2.1099257 3.2325892 3.3900657 -6.987317
12	1350191 -0.31111252 -3.5824854 -0.2788874 3.4452271 -7.619947
12	850117 -0.30764672 -3.6182935 -0.25069717 3.6251326 -7.563345
12	3420826 -0.30635968 -2.9710999 3.3088593 3.7926624 -6.830288
12	3429444 -0.3048901 -4.37798 -0.15715438 4.056352 -6.8289065
12	3420756 -0.30482095 -4.440199 -0.20539814 4.415646 -7.9565773
12	3430481 -0.30263883 -4.387901 -0.14194034 4.406013 -7.6096134
12	269634 -0.29819128 -1.3351232 3.0975034 3.0632646 -8.281625
12	400828 -0.29664555 -3.6602647 -0.24685718 1.3689663 0.41985825
12	3420843 -0.2958691 -2.8906076 3.3057532 3.9692872 -7.776227
12	497860 -0.29260173 -3.5563564 -0.27643672 3.424055 -7.602538
12	3679171 -0.2868884 -2.814727 3.358595 4.095882 -7.6206274
12	400374 -0.28086892 -3.4302943 -0.08263618 4.485383 -6.1663537
12	3453192 -0.27751154 -3.4919307 3.4550843 4.458546 -7.343669
12	1021977 -0.2770906 -2.9657686 2.1045263 2.4105217 -5.0132833
12	1394054 -0.27027568 -4.5578804 -0.17155717 3.7186847 -6.3748784
12	1443829 -0.2693856 -3.5216155 3.4299638 4.2564235 -7.4024553
12	851006 -0.2687848 -3.4097545 3.4210157 4.1663556 -7.418293
12	1455097 -0.26860246 -3.0171309 3.3383915 4.0041904 -7.6708713
12	1023134 -0.2680436 -2.95042 2.1170528 2.506334 -4.983008
12	1455075 -0.26415107 -4.2683 -0.24880184 3.788515 -7.6148133
12	848994 -0.26198027 -3.3917162 -0.079051256 4.3473945 -5.625676
12	4875958 -0.2557284 -4.619725 -0.14961433 4.428222 -8.150312
12	191307 -0.25225443 -3.6782482 3.395791 3.9208143 -6.5754323
12	319800 -0.2513505 -4.5716114 -0.16871373 3.8564122 -7.162926
12	40798 -0.24954948 -1.2424787 2.9819329 1.5023469 -6.0188055
12	3452837 -0.23668668 -3.4107301 3.3835154 3.8959062 -7.506671
12	1350281 -0.2350646 -2.3397644 3.169083 3.6234794 -9.004007
12	1389704 -0.23494035 -3.61385 2.1983922 3.8771582 -7.1774373
12	3458387 -0.23337579 -5.117136 -0.14601965 4.5369205 -8.243683
12	3421028 -0.22930188 -4.8534627 -0.19988815 2.6418877 -4.664954
12	3452309 -0.21942182 -4.5177827 3.449703 4.6851754 -7.4770665
12	722668 -0.2101565 -4.8773713 -0.20125669 3.4516795 -6.5043955
12	1459218 -0.20819648 -4.7015414 -0.16772495 4.0624223 -7.6651316
12	3423096 -0.19610916 -2.552865 3.1257422 3.044729 -8.273493
12	3418626 -0.1955416 -3.3603234 1.7076968 4.3305917 -6.201347
12	3926445 -0.19494386 -2.3454652 -0.047758415 3.1356936 0.56367224
12	3458388 -0.18738608 -5.3611865 -0.15072238 4.766699 -9.074844
12	1453629 -0.18722609 -5.106492 -0.16799773 3.672514 -7.3467426
12	1453631 -0.18711112 -5.128872 -0.1637772 3.689724 -7.3354306
12	4544859 -0.18678907 -3.5016544 3.411926 4.0400167 -7.439924
12	420007 -0.18409841 -5.398908 -0.21423057 2.7820287 -1.939103
12	4873295 -0.18034542 -5.116308 -0.18925788 3.4682045 -6.736968
12	1350158 -0.1674504 -3.3461373 3.2994921 3.2753186 -7.71083
12	3416553 -0.15883663 -4.564956 -0.24333736 2.9853818 -7.470935
12	4873333 -0.14244738 -5.244252 -0.22137548 2.691138 -5.5923295
12	353434 -0.13833123 -3.320726 3.3029983 3.2538054 -7.69625
12	1023413 -0.12106367 -3.3330843 3.284439 3.1229103 -7.7444067
12	3677735 -0.12085468 -5.5731535 -0.2171603 3.1904123 -6.5735736
12	1413668 -0.117120825 -5.1602435 -0.22922593 2.94556 -6.495253
12	3678503 -0.116773725 -5.5778923 -0.18135308 3.927923 -8.285709
12	9403 -0.116240986 -3.5145962 3.3587382 3.6324162 -7.5734634
12	850777 -0.100717016 -3.7480304 3.3994637 3.9392521 -7.494922
12	1448134 -0.07850539 -3.2558217 3.1062694 2.7410674 -8.347046
12	4873366 -0.07519878 -5.5645127 -0.24360843 2.4027934 -5.6493134
12	4777964 -0.052717622 -5.930966 -0.2093283 3.2531528 -7.4902534
12	3444304 -0.044708885 -6.0172706 -0.21115391 3.2600312 -7.5047746
12	4873837 -0.032361045 -5.8790793 -0.25588375 2.3137295 -5.7033677
12	420102 0.016369876 -6.5890074 -0.21696463 2.3690612 -2.141173
12	420176 0.04129336 -6.739728 -0.22171609 2.3157737 -2.1791995
12	420208 0.04341051 -6.7836843 -0.21795195 2.3347034 -2.171518
12	850761 0.070661515 -4.902712 3.3150353 3.585181 -7.8393598
12	420657 0.07397225 -6.955877 -0.2236787 2.261361 -2.2173798
12	420561 0.07397225 -6.955877 -0.2236787 2.261361 -2.2173798
12	420527 0.07397225 -6.955877 -0.2236787 2.261361 -2.2173798
12	420386 0.07397225 -6.955877 -0.2236787 2.261361 -2.2173798
12	420328 0.07397225 -6.955877 -0.2236787 2.261361 -2.2173798
12	1351854 0.094927594 -3.9564912 -0.091384485 4.0708838 -6.2061987
12	420012 0.12325551 -7.03527 -0.1753759 5.2889776 -9.973479
12	4500274 0.16022943 -6.945238 -0.2721105 2.7814233 -8.528167
12	263840 0.2169723 -2.6753328 -0.21419124 2.6572957 0.29034555
12	883634 0.2624517 -3.9567368 -0.04418643 4.3787374 -7.0154567
12	226499 0.29372054 -1.4894278 3.3508701 1.8376406 0.6374961
12	265433 0.34091306 -2.8831806 -0.28224257 1.5390993 0.5333728
12	509692 0.37375662 -2.7656837 -0.051183645 1.4813502 1.0909117
12	265832 0.41673955 -2.9878862 -0.2781781 1.6227202 0.5464195
12	265067 0.4263275 -2.973438 -0.17996243 2.485949 0.78922135
12	266217 0.42649752 -2.7934062 -0.22204055 2.3500252 0.67583627
12	265828 0.43135828 -3.0351012 -0.26785943 1.7167515 0.57010907
12	265403 0.44988987 -2.8806798 -0.21335088 2.4204683 0.7018521
12	264855 0.45959616 -3.1016183 -0.18602473 2.5128925 0.76362854
12	263813 0.46307224 -3.130053 -0.22578755 3.602477 -1.0402579
12	264875 0.47975484 -2.7141695 3.372293 2.094304 0.6122565
12	899984 0.50139177 -5.7040606 -0.2711172 2.7638702 -5.9877906
12	263808 0.50614274 -3.1935015 -0.22192122 3.5807693 -0.96192575
12	847476 0.52440476 -1.7978572 -0.1989418 2.410667 0.8966125
12	264519 0.5315526 -2.96257 -0.12408241 2.3891823 0.9429718
12	266037 0.5326748 -2.1926901 3.2621474 1.681103 0.32186842
12	264663 0.5347723 -2.1920524 3.257662 1.6651452 0.30740473
12	266025 0.5400412 -3.1975815 -0.22946437 2.103835 0.6691242
12	265810 0.5690623 -3.1596665 -0.20726214 2.2450483 0.73206997
12	263804 0.5740702 -2.6231256 3.3328702 1.9914386 0.47583738
12	265397 0.59384 -3.1240535 -0.28384176 1.6655527 0.5370691
12	263798 0.6160552 -3.255086 -0.22919539 3.554548 -0.9274202
12	4469379 0.620219 -1.7681121 -0.19759469 2.466401 0.91902244
12	264647 0.6599955 -3.2323 -0.22265081 2.1634662 0.69531244
12	265799 0.6649529 -3.1874356 -0.1729255 2.4577556 0.8116668
12	266188 0.7288699 -3.343673 -0.2580595 1.9632547 0.59868056
12	265632 0.75276536 -3.3936245 -0.18964463 2.5046299 0.77774096
12	3414769 0.7639626 -1.9793761 -0.2674896 1.7028054 0.758592
12	265629 0.7726694 -3.4426336 -0.17227514 2.6362681 0.8199226
12	264484 0.78950864 -2.6786444 3.3140686 1.9782945 0.474818
12	263781 0.82520103 -2.9602067 3.3350964 2.087433 0.52428347
12	410056 0.83934903 -5.5030227 -0.20223472 5.1734023 -8.504906
12	1464169 0.84236646 -4.324857 -0.23834135 2.363633 -0.8750097
12	3414739 0.84843993 -2.00167 -0.2009378 2.248541 0.94555914
12	265786 0.8589196 -2.7095342 3.2766259 1.8781034 0.36885044
12	3414746 0.86370534 -1.9924521 -0.21904056 2.1159265 0.9010328
12	1419759 0.88385445 -1.6405357 -0.22172676 2.3625426 0.8919001
12	1388115 0.91220737 -5.32243 -0.21771932 3.9669228 -5.2124486
12	1460570 0.93529433 -1.30524 3.2857378 1.736779 0.5804155
12	3432043 0.9452761 -1.7637427 -0.20670882 2.3576279 0.9332948
12	3432023 0.9559235 -1.8076984 -0.20012136 2.4008284 0.95353454
12	3414721 0.96344805 -2.0055282 -0.1705915 2.5290473 1.0434736
12	3414615 1.027851 -1.6939017 -0.21024746 2.4449408 0.94963974
12	3414428 1.0317516 -2.0236418 -0.16695763 2.5727668 1.053125
12	226445 1.032207 -1.7049638 3.361891 2.0695117 0.7798284
12	4499354 1.0373917 -1.6241301 -0.27378476 2.2336333 0.7738064
12	264473 1.0501883 -3.3306563 -0.21546626 2.3128755 0.75160116
12	1419642 1.0665228 -1.7980894 -0.19680627 2.4515023 0.98736477
12	265362 1.0987659 -3.5572762 -0.24300168 2.213591 0.66589934
12	1403719 1.1008122 -2.0186722 -0.16483866 2.6344538 1.0783894
12	4763280 1.1029277 -1.9513901 -0.19017377 2.565066 0.99952716
12	226436 1.1092535 -1.9782209 -0.17776698 2.5527182 1.0147957
12	3414513 1.1100477 -1.8359829 -0.1832355 2.4132838 1.0217142
12	3414405 1.1375508 -1.8439121 3.3800573 2.1645854 0.86331403
12	265604 1.1386437 -3.68482 -0.23700522 2.5747006 0.6502562
12	1403839 1.1594969 -1.4691241 3.3345404 2.0421286 0.7569631
12	1403835 1.1596118 -1.491504 3.3387609 2.0593388 0.7682749
12	265603 1.1615522 -3.7266934 -0.23407812 2.5958128 0.65920377
12	264610 1.1616291 -3.6841764 -0.21869293 2.6336493 0.71350545
12	264609 1.1637462 -3.7281325 -0.2149288 2.652579 0.721187
12	1464147 1.1724275 -5.3718886 -0.22483331 4.274903 -5.625498
12	1460770 1.1977144 -2.6527567 -0.24050075 4.056801 -4.3003054
12	410095 1.2137517 -5.984762 -0.23762107 4.8469915 -8.681966
12	266157 1.2536627 -3.7163985 -0.24062158 2.616594 0.6585343
12	264443 1.291713 -3.6467245 -0.24215819 2.5835297 0.6644844
12	410115 1.3928856 -6.237802 -0.25522214 4.7022896 -8.826913
12	265203 1.4222329 -3.7429116 -0.23762172 2.6217597 0.6888901
12	264606 1.4246039 -3.6235316 3.340806 2.3351412 0.57409304
12	265004 1.5137559 -3.6353362 3.3278394 2.3141422 0.54612076
12	1461146 2.4759343 -5.305217 -0.21689881 6.3278847 -9.793194
12	1385097 2.5656133 -6.4743776 -0.17933048 7.8634977 -11.620599
12	1383627 2.8093643 -6.4217515 -0.19922759 7.8010755 -11.546441
12	1385788 2.8506982 -6.417091 -0.1968402 7.807238 -11.526089
12	1383306 2.930665 -6.392663 -0.20897502 7.7621 -11.498899
12	1387988 3.013629 -6.3849254 -0.20528822 7.7777977 -11.467757
12	1383609 3.0333483 -6.3764815 -0.2136932 7.7556405 -11.47415
12	1383600 3.1346202 -6.353949 -0.22087076 7.7282414 -11.436234
12	1384212 3.156124 -6.355194 -0.21701656 7.7444983 -11.4287615
12	1384042 3.2374866 -6.336755 -0.22768314 7.7185764 -11.417489
12	1384206 3.2375655 -6.3385677 -0.22272731 7.727193 -11.403725
12	1463138 3.380108 -6.309924 -0.23148218 7.6990633 -11.35647
12	1443530 3.3927355 -1.6952986 -0.24076274 2.944577 1.1928397
12	1463527 3.441209 -6.2979074 -0.23452629 7.6882386 -11.334251
12	1387744 3.481922 -6.289413 -0.23787725 7.6787243 -11.32311
12	1387208 3.5022469 -6.2844405 -0.24153505 7.670521 -11.323045
12	1386771 3.5430388 -6.2777586 -0.23993018 7.6696234 -11.298139
12	897667 3.563411 -6.2738743 -0.2406145 7.6665893 -11.289815
12	899400 3.604108 -6.265017 -0.24495663 7.6553516 -11.281425
12	1382419 3.6646986 -6.251704 -0.24680091 7.640914 -11.249147
13	820967 1.7981762 -0.20527613 -0.6447649 0.2137815 -0.10894136
13	1411202 5.710022 -0.20613346 -0.84678996 0.115439825 -0.012185839
13	744979 5.8132343 -0.20415404 -0.84030455 0.09607482 0.018538304
13	4487678 6.091161 -0.17364725 -0.85266125 0.123924054 0.032425713
13	4516656 6.471992 -0.1318988 -0.8701615 0.1650222 0.050250597
13	4550063 6.554982 -0.121671334 -0.8620289 0.11223906 0.079450384
14	4548225 3.4155314 0.12893896 -0.668992 2.0266352 -1.3436992
14	742094 3.65441 -0.207694 -0.54553235 1.758106 0.41339135
14	4548633 3.9168723 0.4193278 -0.31285453 0.9541764 0.04128643
14	4792869 4.0145106 0.44895613 -0.6976433 1.0486096 0.07662751
14	4548341 4.2554207 0.6114479 -0.6975766 1.2814221 0.10157229
14	748219 6.3229456 -0.1373225 -0.68605506 1.9791789 0.4700132
15	4547300 0.728612 0.0642294 1.7976264 0.099242926 -0.22241631
15	882336 0.8034413 -0.19233659 0.5704426 0.18488863 -0.33168757
15	4549329 1.0482084 0.2339641 0.83136374 0.57354486 -0.13431926
15	1442942 1.4930602 0.3345055 0.9396463 0.5564555 -0.07218157
15	4513457 1.6038177 -0.15889716 1.721347 -0.19104269 -0.26486254
15	4546638 1.994415 0.24209851 0.61919165 0.52468246 -0.061924517
15	401844 2.0687144 0.14872298 0.78631014 0.31721804 -0.087022126
15	393237 2.3773031 0.11625736 0.75633293 0.33994073 -0.10623108
15	4547604 2.459059 0.17868173 1.7241814 0.19155669 -0.12650372
15	1410165 2.583999 0.064031295 1.1102681 0.09746942 -0.10081265
15	729438 2.8390498 0.5866245 2.897889 0.5446066 -0.12482269
15	729437 2.922215 0.59495443 2.8945408 0.55333644 -0.11975878
15	1397214 5.793101 0.20402993 0.35964674 0.31956562 0.05990526
15	511466 5.8752637 -0.14195246 0.036532413 -0.08083738 0.002306077
15	4487639 5.893705 -0.021543795 2.1074479 -0.22972856 -0.12924232
15	730377 5.9991617 0.21637103 0.18435107 0.46792513 0.031069878
15	414988 6.199591 0.23339735 0.068224415 0.32015005 0.12365704
15	4516054 6.3539667 0.49270254 1.5604067 0.55421555 0.02369558
15	4548704 6.6535406 0.09720997 2.6755838 -0.20868681 -0.12781446
15	726028 6.714247 0.63672954 1.5744244 0.5138663 0.14272793
15	4548401 6.8183546 0.11550518 2.670416 -0.20333414 -0.11500204
15	1391324 7.055286 0.14182383 2.6631787 -0.19663002 -0.096177176
15	4534363 7.09878 0.15063994 2.7039871 -0.4131683 -0.0034278634
15	4547289 7.2410145 0.16298445 2.6631057 -0.22031869 -0.06955236
15	1443555 7.9709544 0.51193905 1.4840407 0.45381504 0.0915156
15	3457474 8.049039 0.18243721 1.452191 0.0015021717 0.02785173
15	751625 8.1249895 0.20835893 1.7421136 -0.06872171 0.035735365
16	1035200 -0.58303314 -0.056409534 1.8645618 1.2933146 -1.46121
16	4516360 0.3236509 0.12736112 0.48025945 1.0919982 -0.6955851
16	744022 0.9009193 0.39058936 2.1084285 0.6656784 -0.18896255
16	4548862 0.9692905 0.40212846 1.8020978 0.6309178 -0.17011344
16	4515854 1.2214183 0.3604933 0.9401527 0.70217305 -0.10850218
16	402892 1.4539167 0.33910292 0.81954247 0.6869505 -0.099730186
16	1400624 1.8377624 0.44488242 0.9206789 0.7685582 -0.05970949
16	729523 1.8866022 0.4405659 0.80670226 0.81974274 -0.06206703
16	729520 2.0619442 0.585141 2.9336903 0.5903855 -0.16021915
16	3679721 2.125419 0.43102092 0.5525693 0.82377 -0.03917592
16	1409442 2.1321683 0.59465706 2.9298959 0.59594285 -0.15851304
16	3455320 2.2984624 0.4884262 1.1416506 0.7926912 -0.06547053
16	3679702 2.827804 0.45786336 0.13236101 0.9171842 0.015126597
16	1441184 2.84651 0.61519706 2.0122979 0.76739115 -0.06931506
16	728929 2.8536708 0.44511104 1.1059738 0.73877394 -0.062282585
16	1411004 2.9516666 0.47542363 0.76797944 0.7495478 0.008490228
16	1441167 2.975185 0.5314098 0.37156054 0.9663104 0.022980945
16	3424635 3.1241806 0.5530607 1.1133742 0.81485975 -0.0053451266
16	1442286 3.1452906 0.5299977 0.037452318 1.0549136 0.034247182
16	1397086 3.1657195 0.55770004 1.1145704 0.8038464 0.0032207987
16	1442285 3.1900897 0.5388913 0.106542386 1.0520867 0.032796603
16	4799793 3.5525804 0.7708272 2.8849742 0.840609 -0.11355065
16	393350 4.261384 0.6783219 0.7126099 1.022062 0.058795813
16	731189 4.755823 0.8775562 2.8337157 0.93460536 -0.054551955
16	398900 4.759797 0.7454305 2.8181007 0.760593 -0.053796977
16	4482714 4.8351197 0.9050827 2.827136 0.99040824 -0.049892955
16	4482717 4.8351197 0.9050827 2.827136 0.99040824 -0.049892955
16	403050 4.9300613 0.7485759 0.4292236 1.1939181 0.09855462
16	4516589 4.9853973 0.9011589 2.8219497 0.9642471 -0.039484333
16	731127 5.3229203 0.9405436 2.8074605 0.98934066 -0.021985307
16	417912 5.761049 0.51810414 0.38150173 0.7818744 0.108588986
16	724077 5.791816 0.81783074 2.78082 0.8225527 -0.011137376
16	4546664 5.898386 0.7325711 2.7702706 0.6103968 0.0059533375
16	4512277 5.9658337 0.6235086 0.0941137 0.9662145 0.15399218
16	4546042 6.0126796 0.36993918 0.08634201 0.5928289 0.1186351
16	416869 6.1134934 0.8890015 0.97899896 1.2438353 0.11847608
16	417537 6.130224 0.8934541 1.5768903 1.2353929 0.032832377
16	512246 6.1549883 0.89411527 0.98306525 1.2174438 0.13307597
16	4479917 6.233041 0.8042796 0.9821414 1.033635 0.14018714
16	1396541 6.361241 0.95229936 1.5816572 1.1647191 0.11502272
16	511342 6.392729 0.9168588 1.5861865 1.0658427 0.1282871
16	1400602 6.631709 1.0052752 1.8713639 1.1491802 0.11370448
16	511925 6.8278613 1.0012586 1.8610239 1.0880305 0.14749861
16	3414364 6.866239 -0.1596519 2.8980858 1.8676497 0.45603997
16	4550130 6.9042854 0.9719529 1.5839472 1.1108248 0.16210495
16	3414371 7.063794 0.14743115 2.8502367 1.7409288 0.3663718
16	1460559 7.09914 0.2610842 2.8414905 1.7057148 0.3571709
16	3666577 7.117485 0.27894807 2.8394673 1.7332805 0.3384151
16	3432198 7.1769004 0.5491983 2.823926 1.702963 0.33568364
16	3431956 7.1806464 0.33508864 2.8221612 1.676038 0.31325695
16	1460655 7.2082667 0.55245465 1.631111 1.7422333 0.34978664
16	1460567 7.2191935 0.45101056 2.812058 1.6121097 0.30415612
16	1460644 7.2234564 0.57881576 2.811997 1.6459129 0.3120616
16	3431965 7.259347 0.4760903 2.8028438 1.6124883 0.28033394
16	3431921 7.41852 0.0072666705 2.7607894 1.3978055 0.14283265
16	3679349 7.578888 0.98429024 1.548688 1.1050446 0.17674814
16	1399460 7.6759553 1.0960041 1.5484836 1.2655059 0.19909021
16	4513370 7.711081 1.1182654 1.5329307 1.3770281 0.17163318
16	510642 7.7163177 1.0590652 1.5264729 1.3026417 0.15739252
16	752541 7.8357315 0.9341419 1.5219095 1.0608953 0.1618807
16	3428100 7.8462048 0.8157414 1.508994 0.9121226 0.13339938
16	416073 7.8513417 0.8762201 1.5164683 0.9799111 0.15129001
16	3454857 7.861716 0.8774985 1.5174849 0.9733132 0.15493998
16	1409271 7.9087462 0.66414875 1.4995793 0.66712326 0.11896994
